4011
64133
11818
56815
29049
56374
2827
53098
35613
31678
65343
33920
14612
58113
51811
29279
65312
39438
27983
38802
59951
47399
22191
15559
10202
49476
21619
37026
22074
30006
51782
65187
45238
47746
12117
26830
33398
53371
6667
6930
14985
37446
38407
17811
16829
42435
19230
35153
15339
22984
12962
4189
46927
64015
34216
20778
53695
47894
62265
60082
65086
19423
31487
36533
39708
5021
59350
9960
19032
9692
28780
58241
10525
52501
35490
43967
55462
63983
17242
7570
24646
63746
10097
28494
61143
6696
59086
50903
26238
50999
46920
1041
64060
15601
11591
16874
24027
19485
52127
2323
38942
23158
11650
4949
14770
12176
5229
44153
62103
55607
13252
63659
28845
18861
41797
22000
26179
61502
64655
30996
11224
59104
19730
64703
54876
56667
59634
44359
55276
26872
29494
41859
28201
3687
63457
5880
43841
16173
3107
61901
53200
42108
37686
33320
51254
47940
64162
59950
55777
51335
43596
5377
8431
7765
41578
18803
15942
8386
10075
58637
9918
21451
12220
12811
7771
22243
34819
41720
40096
13740
14115
25821
49498
1821
17572
12356
39303
57663
10635
28435
17261
41015
48515
15482
58490
38812
38991
58012
52479
46420
38860
22996
22960
57798
27640
58718
31534
577
53235
21363
62778
13384
65468
8549
41832
60237
18951
61825
29911
6788
35596
26252
34213
37391
21495
49652
16391
1584
25014
7267
53695
45213
24807
61109
27276
15265
23137
63826
40398
19729
16376
42097
13004
63461
6778
21052
36015
65377
13380
3922
21215
55769
7626
48169
60653
62448
40669
32098
55344
52143
3922
42926
35275
3411
24335
51300
64253
9869
28713
5155
49464
34859
43070
49994
39965
36423
39019
30424
12990
19494
53273
2487
42205
3926
54661
30944
1245
42352
33539
14875
33240
23948
51296
15393
20309
31275
57302
21846
22285
44581
11588
28337
45644
12228
14207
47368
22711
35904
58990
37323
33627
23600
36871
60388
59784
13017
31144
32721
17124
3943
38395
15796
48224
27590
12400
27425
15693
63916
23140
3813
15521
44900
45430
17866
21741
62334
5809
28103
60835
17638
14713
49229
62170
29741
13111
39392
18187
28531
37074
54273
1505
21636
63557
59368
53479
18581
31281
7124
51266
54018
42210
29549
59370
50323
40537
5217
48664
12154
8617
1305
40741
33216
59363
47796
65403
23607
10602
38693
43521
28640
55645
59175
27319
13024
35962
60281
5760
4381
42809
12326
52281
21449
9955
47474
58603
4667
50794
5850
25344
22124
15566
4967
14190
15357
12210
48641
27070
14886
13281
50761
59758
19446
52971
29027
30190
5773
2934
40974
56175
5924
29901
53960
36743
58089
35023
48065
9703
29977
10514
38727
56616
52394
51130
11346
45665
54947
59874
24151
41413
64739
49990
41368
28601
5910
48365
21000
4680
56618
30079
60700
29536
3004
30129
60981
15022
58465
24653
40592
57061
37137
48048
33450
50041
46144
44267
18967
20035
22978
43693
49799
59813
55480
37527
27836
59557
36769
56882
63833
25696
51829
24691
19906
60066
27391
55532
19633
17713
60953
22957
44452
42532
16668
32675
51000
6243
10753
36457
36336
33147
11941
52955
51339
44232
21667
65296
57179
29771
28518
2413
56142
62270
11740
41711
28076
56930
43191
23958
57676
22388
52666
24144
62318
22936
59454
25939
64412
52463
29595
36720
55672
21834
56581
62982
37643
35907
26792
40211
51388
57111
56600
27326
27476
9717
14607
56444
57081
63972
40473
62367
47592
8595
57209
14357
2354
18786
9076
31805
53047
55521
40614
15135
49415
42375
18747
27111
65501
41007
11556
35350
11367
24254
32446
51776
8465
38462
34707
23220
26905
39102
47214
35228
6705
42813
13806
12738
40996
10058
23723
61436
50019
26571
4280
2075
22301
50517
62323
62112
34699
28166
39708
64393
22471
21564
44325
57232
1572
47117
55124
56178
28847
3600
26831
34702
16300
32908
4834
13422
17296
15163
48814
21074
44468
39724
34935
63804
20667
2273
47066
38918
1488
5115
56724
35523
28879
37577
18514
12889
19688
22064
29238
44025
63606
4289
21709
30382
20142
36835
12580
57832
54262
23740
2583
45620
33598
24967
4010
56121
715
46104
36822
53224
60191
10580
46043
48618
64918
43991
44277
2011
28726
25575
51369
42269
47903
52407
51244
22071
59493
44227
24411
11304
15152
12650
52040
65490
60624
57983
24140
40784
47232
52839
54321
39262
22302
54214
25826
19934
58623
49165
19161
56698
23591
41854
48437
33903
56887
6416
59277
7471
59860
50089
60374
59825
55698
12400
29013
15778
9276
65519
11932
21230
58041
23405
32851
1295
39986
37326
50060
43298
26713
21819
23641
61506
8150
41446
8471
8806
48646
21342
9255
59697
54237
60135
24926
59136
11277
60164
50682
65132
39574
27653
563
13407
41056
30910
63084
43645
44023
14855
50173
13255
38399
45402
16080
20853
43042
34641
57799
1417
21107
24544
28787
23096
23611
60541
5387
62709
11087
6625
18059
45135
59257
54366
55313
25712
8145
57492
50349
35407
60616
44940
8692
50262
46333
14980
60425
2069
878
15564
26515
53913
44260
20159
46563
39784
42888
50419
1299
29757
58346
61374
56810
13520
33092
41500
21428
46368
22838
20880
60275
56729
63551
52043
38932
56762
10673
23534
5302
49003
44649
26326
42283
6589
3875
9793
2960
39130
44095
38709
34973
56763
51055
12490
32629
17888
48736
52996
54565
5447
41455
23408
9345
21033
49849
64098
10299
9769
21354
28640
23517
33428
27079
46334
22584
167
6973
21002
11759
57955
16061
38250
20627
51187
13975
36648
8952
10219
40834
20371
527
6463
39151
4300
43818
13263
43989
4473
62677
39695
58127
11955
13135
1291
6412
1657
64233
18884
40036
14164
46977
47967
17989
24272
14709
59763
50271
52324
41378
10459
58091
37406
16332
8335
60449
7628
1418
677
63478
54555
11049
504
10943
8903
55573
63536
10824
58305
59017
14434
26836
28197
39558
55164
39677
21143
28201
38975
45614
8177
62452
27691
57514
37608
40572
39064
30409
50151
20147
63073
13001
46865
32433
5754
58993
41344
62949
60885
1753
52521
10001
53723
56499
8081
23471
17541
3318
22455
23501
17976
9462
25251
20661
33766
45024
1342
46354
56378
14567
14999
33247
61075
64195
18620
46438
62748
64921
51519
23700
18374
3380
56955
32692
64448
28146
2283
36305
296
5163
39375
63117
31370
37715
32549
44260
22204
5377
4494
61034
12415
42902
